10,238
10,288
10,162
10,100
10,70
10,296
10,202
10,108
11,4
9,4
9,6
8,4
8,11
8,16
8,17
714,4
714,3
714,1
711,3
711,1
710,4
710,3
710,1
708,4
708,3
708,1
703,4
703,3
703,1
20,3
20,2
20,1
19,3
19,2
19,1
12,3
12,2
12,1
11,28
11,27
11,26
11,25
11,24
11,23
11,22
11,21
11,20
11,19
11,18
11,17
11,16
11,15
11,14
11,13
11,11
11,9
11,8
11,7
11,6
11,5
11,3
11,2
11,1
10,303
10,289
10,287
10,275
10,265
10,255
10,253
10,247
10,239
10,235
10,231
10,229
10,227
10,215
10,209
10,203
10,197
10,195
10,181
10,163
10,139
10,137
10,125
10,123
10,71
10,25
10,21
18,1
10,3
18,3
10,2
10,1
9,7
14,1
9,5
14,3
9,3
13,1
9,2
13,3
9,1
8,15
8,13
8,10
8,8
8,7
8,5
8,3
8,2
